0 0 0110110111001010
0 0 0100000111001010
0 0 1101011111001010
0 0 1001010011001010
0 0 0010100101001010
0 0 1110101110001010
0 0 1000001011101010
0 0 1011011011011010
0 0 1010110100000010
0 0 1010000100101110
0 0 1010011110111000
0 0 1010010011111011
0 0 1010010101000110
0 0 1010010110000100
0 0 1010010111101101
0 0 1010010111011001
0 0 0110011100001010
0 0 0000111001101010
0 0 0011101001011010
0 0 0010000110000010
0 0 0010110110101110
0 0 0010101100111000
0 0 0010100001111011
0 0 0010100111000110
0 0 0010100100000100
0 0 0010100101101101
0 0 0010100101011001
0 0 0001110101111010
0 0 0000011010100010
0 0 0000101010001110
0 0 0000110000011000
0 0 0000111101011011
0 0 0000111011100110
0 0 0000111000100100
0 0 0000111001001101
0 0 0000111001111001
0 0 0000001001000110
0 0 0000010011010000
0 0 0000011110010011
0 0 0000011000101110
0 0 0000011011101100
0 0 0000011010000101
0 0 0000011010110001
0 0 0000000000110100
0 0 0000001101110111
0 0 0000001011001010
0 0 0000001000001000
0 0 0000001001100001
0 0 0000001001010101
0 0 0000000100000101
0 0 0000000010111000
0 0 0000000001111010
0 0 0000000000010011
0 0 0000000000100111
0 0 0000000000000000
