0 0 001101011
0 0 000011011
0 0 100000011
0 0 011111111
0 0 101110001
0 0 110010010
0 0 111101101
0 0 111011100
0 0 111000000
0 0 011010011
0 0 100101111
0 0 010100001
0 0 001000010
0 0 000111101
0 0 000001100
0 0 000010000
0 0 000000111
0 0 000101010
0 0 000110110
0 0 000100001
0 0 001100100
0 0 001010101
0 0 001001001
0 0 001011110
0 0 001110011
0 0 001101111
0 0 110111011
0 0 010100011
0 0 101011111
0 0 011010001
0 0 000110010
0 0 001001101
0 0 001111100
0 0 001100000
0 0 000010100
0 0 000100101
0 0 000111001
0 0 000000011
0 0 000011111
0 0 000001000
0 0 000101110
0 0 001011010
0 0 001000110
0 0 001010001
0 0 001111000
0 0 001110111
0 0 011111000
0 0 010000111
0 0 010110110
0 0 010101010
0 0 010010000
0 0 010001100
0 0 010011011
0 0 110010111
0 0 000011001
0 0 011111010
0 0 010000101
0 0 010110100
0 0 010101000
0 0 001000000
0 0 000111111
0 0 000001110
0 0 000010010
0 0 000000101
0 0 000101000
0 0 000110100
0 0 000100011
0 0 001100110
0 0 001010111
0 0 001001011
0 0 001011100
0 0 001110001
0 0 001101101
0 0 001111010
0 0 010010010
0 0 010001110
0 0 010011001
0 0 010111111
0 0 010111101
0 0 010001000
0 0 011110111
0 0 011000110
0 0 011011010
0 0 010101110
0 0 010011111
0 0 010000011
0 0 010010100
0 0 010111001
0 0 010100101
0 0 010110010
0 0 011001101
0 0 111100111
0 0 001101001
0 0 010001010
0 0 011110101
0 0 011000100
0 0 011011000
0 0 000110000
0 0 001001111
0 0 001111110
0 0 001100010
0 0 000010110
0 0 000100111
0 0 000111011
0 0 000000001
0 0 000011101
0 0 000001010
0 0 000101100
0 0 001011000
0 0 001000100
0 0 001010011
0 0 001110101
0 0 010101100
0 0 010011101
0 0 010000001
0 0 010010110
0 0 010111011
0 0 010100111
0 0 010110000
0 0 011001111
0 0 011100010
0 0 011111110
0 0 011101001
0 0 011100000
0 0 011111100
0 0 011101011
0 0 011011110
0 0 011101111
0 0 011110011
0 0 011001001
0 0 011010101
0 0 011000010
0 0 011100100
0 0 011011100
0 0 011101101
0 0 011110001
0 0 011001011
0 0 011010111
0 0 011000000
0 0 011100110
0 0 001000101
0 0 010100110
0 0 011011001
0 0 011101000
0 0 011110100
0 0 000011100
0 0 001100011
0 0 001010010
0 0 001001110
0 0 000111010
0 0 000001011
0 0 000010111
0 0 000000000
