0 0 3 1010010111001010
0 0 3 1110101110001010
0 0 3 1111100010011010
0 0 2 0011000010011010
0 0 2 0011000010001001
0 0 2 0100001010001001
0 0 2 0100001000000101
0 0 2 1000101000000101
0 0 2 0011000000000101
0 0 2 0011000000100010
0 0 2 0000000100100010
0 0 2 0000000100000101
0 0 2 0000000110001001
0 0 2 1000110100001001
0 0 2 1000110100011010
0 0 2 0110100100011010
0 0 2 1010000100011010
0 0 2 1010000110010110
0 0 2 1010000110000101
0 0 2 1010000100001001
0 0 1 1001000000001001
0 0 2 1001000010000101
0 0 2 1001000010100010
0 0 2 0101100010100010
0 0 2 0101100010000101
0 0 2 0110100110000101
0 0 2 0110100110010110
0 0 2 0101100010010110
0 0 2 1001000010010110
0 0 2 1001000000011010
0 0 2 1001000001010100
0 0 2 1010000101010100
0 0 2 1000001101000100
0 0 2 1000001100001010
0 0 2 1000001110000110
0 0 2 1000001100001010
0 0 2 0101100000011010
0 0 2 0101100000001001
0 0 2 0110100100001001
0 0 2 0110100000111000
0 0 2 1010000000111000
0 0 2 0100010000111000
0 0 2 1000110000111000
0 0 2 0000000010111000
0 0 2 0000000000110100
0 0 2 0100010100001001
0 0 2 0100010100011010
0 0 2 1000110000111000
0 0 2 0110000111000001
0 0 2 0101000011000001
0 0 2 0010001011000001
0 0 2 0010101000001001
0 0 2 0010101010000101
0 0 2 0101000011000001
0 0 2 0010101000001001
0 0 2 1000001110000110
0 0 2 0001110000010110
0 0 2 0001110000000101
0 0 2 0001110000100010
0 0 2 0101100000011010
0 0 2 0110100100001001
0 0 2 0101100010010110
0 0 2 0101100000001001
0 0 2 0010101010000101
0 0 2 0001110000100010
0 0 2 1001000010010110
0 0 2 0101100010000101
0 0 2 0001110000000101
0 0 2 1001000000011010
0 0 2 0101100000001001
0 0 2 1010000000111000
0 0 2 0110100100001001
0 0 2 0100010100001001
0 0 2 1001000010000101
0 0 2 0110100110000101
0 0 2 1001000010010110
0 0 2 0110100110010110
0 0 2 1010000101010100
0 0 2 1010000100001001
0 0 2 1001000000011010
0 0 2 0100010100011010
0 0 2 0110100110010110
0 0 2 0110100100001001
0 0 2 0101100000011010
0 0 2 0100010100011010
0 0 2 0000000110011010
0 0 2 0001001010001010
0 0 2 0110000010001010
0 0 2 1000010010001010
0 0 2 1000010010011001
0 0 2 1000010000010101
0 0 2 1000010000000110
0 0 2 1000010001001000
0 0 2 0110000001001000
0 0 2 0110100010000000
0 0 2 1010000010000000
0 0 2 1010000000001100
0 0 2 1010000001000010
0 0 2 1010000001010001
0 0 2 1001000101000010
0 0 2 1001000100001100
0 0 2 1001000110000000
0 0 2 1000001010010000
0 0 2 1000001010000011
0 0 2 1000001000011100
0 0 2 0101100110000000
0 0 2 0101100100001100
0 0 2 0110100000001100
0 0 2 1000110000001100
0 0 2 0100010000001100
0 0 2 0100010010000000
0 0 2 0001101000001100
0 0 2 0001101010000000
0 0 2 1001011000000000
0 0 2 1000010100010000
0 0 2 1000010100000011
0 0 2 0110000100000011
0 0 2 1010100100000011
0 0 2 1010100100010000
0 0 2 1010100000100001
0 0 2 1010100000000110
0 0 2 1010100000010101
0 0 2 0110000000010101
0 0 2 0110000010011001
0 0 2 0110000000000110
0 0 2 0110000000100001
0 0 2 1000010000100001
0 0 2 0000100010100001
0 0 2 1100000010100001
0 0 2 1100000110010000
0 0 2 1100000110000011
0 0 2 0000100110000011
0 0 2 0011100010000011
0 0 2 0011100010010000
0 0 2 0011100000011100
0 0 2 0000100100011100
0 0 2 1100000100011100
0 0 2 0000100110010000
0 0 2 0000000101011000
0 0 2 0011000001011000
0 0 2 0011000000010110
0 0 2 0000000100010110
0 0 2 0001001000000110
0 0 2 0001001001001000
0 0 2 0001001000100001
0 0 2 0001001001001000
0 0 2 0000000100010110
0 0 2 0000000001101001
0 0 2 0011000001011000
0 0 2 0000100110010000
0 0 2 0000100110010000
0 0 2 1100000100011100
0 0 2 0000100110010000
0 0 2 1100000010000110
0 0 2 1100000010010101
0 0 2 1100000000011001
0 0 2 1100000100101000
0 0 2 0000100100101000
0 0 2 0011100000101000
0 0 2 0000100000011001
0 0 2 0000100010010101
0 0 2 0000100010000110
0 0 2 0000100000001010
0 0 2 1100000000001010
0 0 2 1100000001000100
0 0 2 0000100001000100
0 0 2 0010010000001010
0 0 2 0010010000011001
0 0 2 0001010100001010
0 0 2 0000100001000100
0 0 2 0000000011000010
0 0 2 0000000011010001
0 0 2 0000100000001010
0 0 2 0000000011010001
0 0 2 1100000000001010
0 0 2 0010010000011001
0 0 2 0000100000011001
0 0 2 0000100010010101
0 0 2 1100000000001010
0 0 2 0000100010000110
0 0 2 0000100110010000
0 0 2 0000100010000110
0 0 2 0000000001101001
0 0 2 0110000100010000
0 0 2 0101000000010000
0 0 2 1001100000010000
0 0 2 1001100000000011
0 0 2 1001100000100100
0 0 2 0101000000100100
0 0 2 0101000010101000
0 0 2 0101000000000011
0 0 2 0010001000000011
0 0 2 0010001000010000
0 0 2 0101000000000011
0 0 2 0001010010000011
0 0 2 0001010010010000
0 0 2 0001010000011100
0 0 2 1000101100000000
0 0 2 0100001100000000
0 0 2 0001010010010000
0 0 2 0101000000000011
0 0 2 0100001100000000
0 0 2 0010001000010000
0 0 2 0001001000100001
0 0 2 0101000100000110
0 0 2 1001100100000110
0 0 2 0101000110001010
0 0 2 0101000101001000
0 0 2 0001001000000110
0 0 2 1001100100000110
0 0 2 0110000000000110
0 0 2 0110000000100001
0 0 2 1001100000010000
0 0 2 0110000100010000
0 0 2 1001100000000011
0 0 2 0110000100010000
0 0 2 0101000000000011
0 0 2 0000100110000011
0 0 2 1000010000100001
0 0 2 0110000100010000
0 0 2 0000100110010000
0 0 2 0001001001001000
0 0 2 0000100110010000
0 0 2 0000100100011100
0 0 2 0101000101001000
0 0 2 0001110100000000
0 0 2 0010110000000000
0 0 2 1000001000011100
0 0 2 0101100100001100
0 0 2 1001000100001100
0 0 2 0110100000001100
0 0 2 0100010000001100
0 0 2 1001000110000000
0 0 2 0100010010000000
0 0 2 0010110000000000
0 0 2 0110100000001100
0 0 2 0101100110000000
0 0 2 0001101010000000
0 0 2 0110000000000110
0 0 2 0101000101001000
0 0 2 0001001001001000
0 0 2 1000010000100001
0 0 2 0110000000000110
0 0 2 0000100010000110
0 0 2 0110000000010101
0 0 2 0000100010010101
0 0 2 0110000010011001
0 0 2 0000100000011001
0 0 2 1000010000000110
0 0 2 0000100000001010
0 0 2 0110000010011001
0 0 2 0110000000000110
0 0 2 0101000110001010
0 0 2 0001001000000110
0 0 2 0000000100010110
0 0 2 1000110000111000
0 0 2 0110100100001001
0 0 2 0100010100001001
0 0 2 0000100101000001
0 0 2 1100000101000001
0 0 2 0011100001000001
0 0 2 0000000110011010
0 0 2 0000000010111000
0 0 2 0000000100010110
0 0 2 0000000000110100
0 0 2 0011000000010110
0 0 2 0000000100000101
0 0 2 0011100001000001
0 0 2 0011000000000101
0 0 2 0000000110001001
0 0 2 0011000000010110
0 0 2 0000000110011010
0 0 3 1100100110011010
0 0 3 1101101010001010
0 0 3 1101101010101101
0 0 3 1101101000100001
0 0 3 1101101000000110
0 0 3 1110101100000110
0 0 3 1111100000010110
0 0 3 1111100001011000
0 0 3 1111100101101001
0 0 3 1111000110100001
0 0 3 1111000110110010
0 0 3 1111000110010101
0 0 3 1111100101011101
0 0 3 1111100111010001
0 0 3 1111100111000010
0 0 3 1111100110001100
0 0 3 1111100110101011
0 0 3 1111100110111000
0 0 3 1111100110011111
0 0 3 1111100100010011
0 0 3 1111100100110100
0 0 3 1111100000000101
0 0 3 1111100010001001
0 0 3 1111100011000111
0 0 3 1111100011100000
0 0 3 1111100010101110
0 0 3 1111100010111101
0 0 3 1111100000110001
0 0 3 1111100100000000
0 0 3 1111000111001000
0 0 3 1111000111011011
0 0 3 1111000101010111
0 0 3 1111000101110000
0 0 3 1111000101100011
0 0 3 1111000101000100
0 0 3 1111000100001010
0 0 3 1111000110000110
0 0 3 1110001010010110
0 0 3 1110001011011000
0 0 3 1110101000010000
0 0 3 1110101010011100
0 0 3 1110101010001111
0 0 3 1110101010101000
0 0 3 1110101110011001
0 0 3 1110101100010101
0 0 3 1110101000100100
0 0 3 1110101000000011
0 0 3 1110100001110001
0 0 3 1110100101000000
0 0 2 0010000101000000
0 0 1 0001000001000000
0 0 3 1101100001000000
0 0 2 1101000010001000
0 0 2 1101000000000100
0 0 1 0001100000000100
0 0 2 0010100100000100
0 0 2 1010001000000100
0 0 2 1010001010001000
0 0 2 0011010000000100
0 0 2 1011100010000100
0 0 2 1011100000001000
0 0 2 1011000011000000
0 0 2 1000000111000000
0 0 2 1000100100001000
0 0 1 0100000100001000
0 0 2 0100000110000100
0 0 2 1000100110000100
0 0 2 0000010100000100
0 0 2 0000010110001000
0 0 2 0011010010001000
0 0 2 1000100110000100
0 0 2 0000010110001000
0 0 2 1000100100001000
0 0 2 0011010010001000
0 0 2 1000100110000100
0 0 2 0011010010001000
0 0 2 0000010100000100
0 0 2 1010001010001000
0 0 2 0011010010001000
0 0 3 0100011010001000
0 0 3 1100101000001000
0 0 1 0000001000001000
0 0 2 0000001010000100
0 0 3 1100101010000100
0 0 3 1101100110010100
0 0 3 1110100010010100
0 0 2 0010000010010100
0 0 1 0010000000011000
0 0 2 0010000000001011
0 0 2 0010000001000101
0 0 2 0001000101000101
0 0 2 0001000100001011
0 0 2 0001000100101100
0 0 2 0010000000101100
0 0 2 0010000010100000
0 0 2 0001000110100000
0 0 2 0001000010010001
0 0 1 0001000010000010
0 0 2 1001110000000010
0 0 2 1001110000010001
0 0 2 0101010000010001
0 0 2 1011000000010001
0 0 2 1100001000010001
0 0 2 1101000100000001
0 0 2 1101000000110000
0 0 2 0001100000110000
0 0 2 0001100100000001
0 0 1 0010100000000001
0 0 2 0010100000010010
0 0 2 1001010110000001
0 0 2 1001010100001101
0 0 2 1001010101000011
0 0 2 1000011000011101
0 0 2 1000011010010001
0 0 2 1000011010000010
0 0 2 0000101000000010
0 0 2 1100001000000010
0 0 2 1011000000000010
0 0 1 1000000100000010
0 0 2 0100100100000010
0 0 2 0101010000000010
0 0 2 0000101000010001
0 0 2 0000101000010001
0 0 2 1000011010010001
0 0 2 0000101000010001
0 0 2 0001100100000001
0 0 2 1100001000000010
0 0 2 0000101000010001
0 0 2 1011000000000010
0 0 2 0101010000000010
0 0 2 0101010000000010
0 0 2 0010000110000010
0 0 2 1001110000010001
0 0 2 0001000000011101
0 0 2 0000001100001101
0 0 2 0000001110000001
0 0 2 0000001110000001
0 0 2 0001000110100000
0 0 2 0001000000011101
0 0 2 0010000000101100
0 0 2 0001000100001011
0 0 3 1101100100001011
0 0 2 1101000111000011
0 0 2 0101010110001011
0 0 3 1011000110001011
0 0 2 1100001110001011
0 0 2 1000000010001011
0 0 2 1000100001000011
0 0 2 1000100001010000
0 0 2 1000000010011000
0 0 1 1000000000010100
0 0 2 0100100000010100
0 0 2 0000110000011000
0 0 2 0000110000001011
0 0 2 0100000001010000
0 0 2 0100000001000011
0 0 2 0100000000001101
0 0 1 0100000010000001
0 0 2 1000100010000001
0 0 1 0000010000000001
0 0 2 0000010000010010
0 0 2 1000100010010010
0 0 2 0100000010010010
0 0 2 1000100010010010
0 0 2 1000100000001101
0 0 2 1000100000101010
0 0 2 0100000000101010
0 0 2 1000000001001001
0 0 2 0100000010010010
0 0 2 1000100000001101
0 0 2 0100000000101010
0 0 2 1000100000001101
0 0 2 0100000001000011
0 0 2 1000000010011000
0 0 2 0000110000001011
0 0 3 1110100000001011
0 0 2 1001101000001011
0 0 2 1001101000101100
0 0 2 1001101010100000
0 0 2 0001011010001011
0 0 3 0110010010001011
0 0 3 1010110010001011
0 0 3 1110001011001011
0 0 3 1110001010000101
0 0 3 1110001010100010
0 0 3 1110001110010011
0 0 3 1111000010000011
0 0 3 1111100001001011
0 0 3 1111100001101100
0 0 3 1111100000100010
0 0 3 1111000011101010
0 0 3 1111000011111001
0 0 3 1111000001110101
0 0 3 1111000001100110
0 0 3 1111000001000001
0 0 2 1000001001000001
0 0 2 0001010001000001
0 0 3 1001100011000001
0 0 3 1101011010000001
0 0 3 1101011010010010
0 0 3 1101011000011110
0 0 3 1111000100111110
0 0 3 1111000100101101
0 0 3 1111000000011100
0 0 3 1111100011010100
0 0 3 1100100111010100
0 0 3 1100110100110000
0 0 3 1100110100100011
0 0 3 1100110100000100
0 0 3 1100110110001000
0 0 3 1100110110011011
0 0 3 1100110100010111
0 0 3 1100110000100110
0 0 3 1100110010101010
0 0 3 1100110010111001
0 0 3 1100110010011110
0 0 3 1100110010001101
0 0 3 1100110000000001
0 0 3 1100110000010010
0 0 3 1100110000110101
0 0 3 1100100011010001
0 0 3 1100101010100011
0 0 3 1100101110010010
0 0 3 1101100010000010
0 0 2 1010101010000010
0 0 2 1010101010010001
0 0 2 1010101000011101
0 0 3 1101100000011101
0 0 2 0011110000011101
0 0 3 1011000010011101
0 0 2 1011100001010101
0 0 3 1011110010110001
0 0 3 1011110110000000
0 0 3 1011110110010011
0 0 3 1011110100011111
0 0 3 1011110101010001
0 0 3 1011110101000010
0 0 3 1011110100001100
0 0 3 1011110000111101
0 0 3 1011110000101110
0 0 3 1011110010100010
0 0 3 1011110010000101
0 0 2 1011100001100001
0 0 2 1011000010101001
0 0 2 1100001010101001
0 0 3 1100001110011000
0 0 3 1100001100010100
0 0 3 1100001100000111
0 0 3 1101000000010111
0 0 2 1101000001011001
0 0 2 1101000101101000
0 0 2 0011010001011001
0 0 3 0011110010010001
0 0 3 1101100010010001
0 0 3 1110100110010001
0 0 3 1110100110110110
0 0 3 1110100110100101
0 0 3 1110100110000010
0 0 3 1110100100001110
0 0 3 1110100100101001
0 0 3 1110100100111010
0 0 3 1110100101110100
0 0 3 1110100101010011
0 0 3 1110100100011101
0 0 3 1110100000101100
0 0 3 1110100010100000
0 0 3 1110100010110011
0 0 3 0110010000110011
0 0 3 1010110000110011
0 0 3 1010110100000010
0 0 3 1110001101000010
0 0 3 1111000001010010
0 0 3 1100000101010010
0 0 3 1101001001000010
0 0 3 1101001001100101
0 0 3 1101001011101001
0 0 3 1101011000001101
0 0 3 1101011000101010
0 0 3 1101011000111001
0 0 3 1111000100011001
0 0 3 1111000000101000
0 0 2 1000001000101000
0 0 2 0001010000101000
0 0 3 1101110000101000
0 0 3 1101110100011001
0 0 3 1101110110010101
0 0 3 1101110110110010
0 0 3 1101110110100001
0 0 3 1101110110000110
0 0 3 1101110100001010
0 0 3 1101110100101101
0 0 3 1101110100111110
0 0 3 1101110000001111
0 0 3 1101110010000011
0 0 3 1101110010010000
0 0 3 1101110000011100
0 0 3 1101110000111011
0 0 3 0101000010111011
0 0 3 1011010010111011
0 0 3 1011011011001001
0 0 3 1100010011001001
0 0 3 1100010011011010
0 0 3 1100011010101000
0 0 3 1110000110001000
0 0 3 1110000111000110
0 0 3 1110000111100001
0 0 3 1110000101101101
0 0 3 1110001100011111
0 0 3 1111000000001111
0 0 3 1100000100001111
0 0 3 1101001000011111
0 0 3 1101001100101110
0 0 3 1110001000101110
0 0 3 1110001001100000
0 0 2 1001000001100000
0 0 3 1010000101100000
0 0 3 1101001101100000
0 0 3 1101101110101000
0 0 3 1101101110001111
0 0 3 1101101100000011
0 0 3 1101101100100100
0 0 3 1101101000010101
0 0 3 1101101010011001
0 0 3 1101001001010001
0 0 3 1110001101010001
0 0 3 1110001111011101
0 0 3 1111000011001101
0 0 3 1100000111001101
0 0 3 1101001011011101
0 0 3 1101001010010011
0 0 3 1101001110100010
0 0 3 1101001110000101
0 0 3 1101001111001011
0 0 3 1101001101000111
0 0 3 1110001001000111
0 0 3 1110001001010100
0 0 3 1110001000011010
0 0 3 1110001000111101
0 0 3 1110001100001100
0 0 3 1110001110000000
0 0 3 1111000010010000
0 0 3 0111110000010000
0 0 3 1011010000010000
0 0 3 1100011000010000
0 0 3 1110000100110000
0 0 3 1110000110111100
0 0 3 1110000110011011
0 0 3 1110000111010101
0 0 3 1110000101011001
0 0 3 1110000101001010
0 0 3 1110000100000100
0 0 3 1110000100100011
0 0 3 1110000000010010
0 0 3 1110000010011110
0 0 3 1110100001010110
0 0 3 1110100001000101
0 0 3 1110100001100010
0 0 3 1110000010101010
0 0 2 1101000110101010
0 0 3 1101100101100010
0 0 3 1101100101000101
0 0 3 1101100101010110
0 0 3 1101100100011000
0 0 3 1110100000011000
0 0 3 1110000011010000
0 0 3 1110000011000011
0 0 3 1110001010110001
0 0 3 1100010110010001
0 0 3 1100010110000010
0 0 3 1100010100001110
0 0 3 1100010101000000
0 0 3 1100010101010011
0 0 3 1100010100011101
0 0 3 1100010100111010
0 0 3 1100010100101001
0 0 3 1110001000001001
0 0 2 0000011000001001
0 0 3 1000101010001001
0 0 3 1011101110001001
0 0 3 1100100110001001
0 0 3 1100100111000111
0 0 3 1100100111100000
0 0 3 1100100110101110
0 0 3 1100100100100010
0 0 3 1100100101101100
0 0 3 1100101100011110
0 0 3 1101100000001110
0 0 3 1101100000101001
0 0 2 0001000000101001
0 0 3 1001110010101001
0 0 3 1001110110011000
0 0 3 1011101010111000
0 0 3 1100100010111000
0 0 3 1100100010101011
0 0 3 1100100010001100
0 0 3 1100100011000010
0 0 3 1100101010110000
0 0 2 1011100010110000
0 0 2 1011100000111100
0 0 3 1100101000111100
0 0 3 1101100100101100
0 0 3 1101100110100000
0 0 3 1101100110000111
0 0 3 1110100010000111
0 0 3 1001101010000111
0 0 3 1010101110000111
0 0 3 1011100010010111
0 0 3 1100101010010111
0 0 3 1100101110100110
0 0 3 1101100010110110
0 0 3 1101100010100101
0 0 3 1101000001101101
0 0 3 1101010010001001
0 0 3 1101010110111000
0 0 3 1101010110101011
0 0 3 1101010110001100
0 0 3 1101010111000010
0 0 3 1101010111010001
0 0 3 1101010110011111
0 0 3 1101010100010011
0 0 3 1101010101011101
0 0 3 0011000101011101
0 0 3 0100001101011101
0 0 3 1000101101011101
0 0 3 1011101001011101
0 0 3 1100100001011101
0 0 3 1100100000010011
0 0 3 1100100010011111
0 0 3 1100000001010111
0 0 3 1100010010110011
0 0 3 1100010010100000
0 0 2 0100100000100000
0 0 1 1000000000100000
0 0 3 1011000100100000
0 0 3 1100001100100000
0 0 3 1100001110101100
0 0 3 1101000010111100
0 0 3 1101100001110100
0 0 3 1101100001010011
0 0 3 1101000010011011
0 0 3 1101000011010101
0 0 3 1101010000110001
0 0 3 1101010100000000
0 0 3 1001101101000000
0 0 3 1011110001100000
0 0 3 1011111000010010
0 0 3 1011111010011110
0 0 3 1011111010001101
0 0 3 1011111000000001
0 0 3 1010110100010001
0 0 3 1010110110011101
0 0 3 1010110111010011
0 0 3 1010110111000000
0 0 3 1010110110001110
0 0 3 1010100101101010
0 0 3 1010101100011000
0 0 3 1010101110010100
0 0 3 1010101010100101
0 0 3 1010101000101001
0 0 3 1010101000001110
0 0 3 1011100100011110
0 0 3 1011100110010010
0 0 3 1011100110000001
0 0 3 1100101110000001
0 0 3 1100101100001101
0 0 3 1100101100101010
0 0 3 1101100000111010
0 0 3 0101010010111010
0 0 3 1011000010111010
0 0 3 1011001011001000
0 0 3 1100000011001000
0 0 3 1100100000000000
0 0 3 1100100000000000
0 0 0 0000000000000000